image: nc_trial.pgm
resolution: 0.050000
origin: [-6.186649, -12.109291, 0.000000]
negate: 0
occupied_thresh: 0.65
free_thresh: 0.196

