image: nc_trial5.pgm
resolution: 0.050000
origin: [-5.869047, -11.855942, 0.000000]
negate: 0
occupied_thresh: 0.65
free_thresh: 0.196

