image: nc_trial7.pgm
resolution: 0.050000
origin: [-6.982079, -12.020683, 0.000000]
negate: 0
occupied_thresh: 0.65
free_thresh: 0.196

