image: nc_trial4.pgm
resolution: 0.050000
origin: [-6.131164, -11.674225, 0.000000]
negate: 0
occupied_thresh: 0.65
free_thresh: 0.196

