image: nc_trial9.pgm
resolution: 0.050000
origin: [-6.239904, -11.846851, 0.000000]
negate: 0
occupied_thresh: 0.65
free_thresh: 0.196

